70
-28.000  -4.000
-26.000 -26.000
-26.000 -24.000
-20.000  20.000
-20.000  -5.000
-20.000  16.000
-20.000  -9.000
-20.000   8.000
-19.000  24.000
-19.000 -26.000
-18.000 -22.000
-14.000  -9.000
-14.000  -8.000
-14.000  27.000
-13.000 -17.000
-13.000 -29.000
-12.000   4.000
-12.000 -23.000
-12.000  10.000
-12.000 -29.000
-11.000 -11.000
-11.000   2.000
-10.000  14.000
 -9.000  -2.000
 -8.000 -19.000
 -4.000  20.000
 -4.000  -6.000
 -3.000  25.000
 -3.000 -10.000
 -3.000  14.000
 -1.000 -15.000
  0.000  11.000
  0.000  12.000
  0.000 -22.000
  0.000  14.000
  0.000   4.000
  1.000 -23.000
  1.000 -29.000
  2.000  21.000
  3.000 -19.000
  4.000  17.000
  4.000   9.000
  5.000 -20.000
  5.000 -11.000
  6.000 -18.000
  6.000 -27.000
  8.000 -27.000
  8.000   0.000
  9.000 -25.000
  9.000  27.000
 10.000  28.000
 16.000  -9.000
 16.000 -16.000
 17.000  26.000
 17.000 -13.000
 17.000  25.000
 18.000  25.000
 18.000 -21.000
 19.000  24.000
 21.000  25.000
 22.000 -15.000
 22.000 -22.000
 24.000  22.000
 25.000  29.000
 25.000   4.000
 25.000  -8.000
 26.000 -27.000
 26.000  -8.000
 28.000   6.000
 28.000  12.000