24 12 100
4 13
11 16
12 21
8 20
2 23
1 6
6 14
9 22
16 21
19 23
13 17
1 12
7 11
8 21
2 21
6 20
2 13
2 10
5 22
13 23
19 22
14 19
4 5
1 10
5 14
3 19
10 13
5 21
14 23
4 11
4 19
4 10
11 24
3 10
4 8
14 20
9 13
15 17
9 23
15 23
1 18
12 14
18 22
7 24
9 17
1 13
1 14
8 9
3 6
1 21
6 21
7 19
14 22
12 16
8 11
21 22
2 17
8 15
5 23
16 20
6 9
2 12
12 13
5 13
6 13
16 19
3 5
18 23
5 8
3 18
9 24
1 16
2 18
14 24
4 24
16 18
3 8
14 18
9 14
7 18
7 10
9 18
3 22
2 4
10 18
12 23
2 19
12 24
7 15
3 21
8 24
15 20
10 21
11 12
5 10
15 18
1 23
12 18
1 15
4 6
