16 10 100
7 12
1 13
3 14
4 14
1 8
2 13
8 11
3 15
3 13
3 8
1 10
9 12
5 6
11 13
12 16
11 16
4 13
1 14
7 8
2 3
2 6
8 12
13 15
8 9
8 15
2 10
4 6
7 11
7 16
3 5
10 14
2 7
9 15
10 15
3 4
4 12
3 12
3 16
7 15
9 11
14 15
2 16
5 8
3 10
4 15
7 10
6 16
11 14
13 14
2 15
1 16
4 11
8 16
1 7
2 4
5 7
10 12
9 13
2 8
4 7
11 15
3 9
6 7
9 16
3 6
6 13
8 14
1 11
6 10
9 10
4 5
4 10
9 14
12 14
4 16
5 16
1 3
1 12
6 12
5 9
6 8
14 16
10 11
2 11
5 14
6 11
2 5
6 9
3 11
11 12
5 11
8 13
1 4
10 13
1 9
12 13
2 14
7 13
2 9
5 13
