18 9 110
6 18
8 12
6 8
3 6
7 12
4 5
7 17
1 9
4 13
2 5
8 16
2 3
5 18
1 8
3 16
1 17
5 6
7 14
7 15
8 13
5 14
8 10
11 12
8 18
3 11
8 15
1 16
1 6
11 13
5 9
3 10
6 11
11 16
9 11
9 13
2 8
4 16
14 17
10 18
14 15
3 14
2 13
12 15
9 18
13 15
9 15
14 18
11 17
7 8
11 15
2 17
4 15
2 18
3 13
6 9
6 7
7 9
2 15
7 16
10 13
9 10
1 5
1 13
9 17
6 10
2 16
8 9
4 11
4 12
9 12
3 9
2 11
9 16
4 18
2 12
7 13
5 8
3 18
4 9
1 15
4 10
16 17
13 14
3 5
7 10
5 15
5 17
5 7
3 15
4 6
6 17
2 6
10 11
8 17
7 18
13 16
1 12
1 10
11 18
12 14
15 18
3 12
3 17
5 11
6 14
5 13
10 14
4 17
1 18
2 10
