50
  1.000 -19.000
  1.000  21.000
 21.000   1.000
 21.000   1.000
 -2.000  19.074
 -4.000  19.476
  8.000 -17.647
 -6.000  19.605
 -2.000 -17.384
 -9.000  16.777
 -3.000  19.581
 -7.000  19.003
 -8.000  18.773
 -2.000 -17.962
 15.000 -12.967
  4.000 -17.881
  1.000 -18.013
 -7.000 -16.737
 10.000  18.769
 18.000  10.792
  8.000  18.170
  3.000 -17.108
 -2.000 -18.110
 18.000  10.799
 10.000 -15.405
 17.000 -10.814
 11.000  17.873
  0.000 -17.433
  2.000 -18.650
 16.000 -11.921
-11.000 -13.170
 19.000   8.197
  0.000 -17.225
 -4.000 -17.051
-11.000 -13.955
  0.000 -18.379
 -1.000 -17.810
-14.000  13.364
 -3.000  20.550
 -6.000 -15.735
  0.000  -4.975
 -9.000  -6.321
  0.000  -5.975
 -4.000 -18.365
  8.000  12.735
  2.000  20.975
  8.000  -6.735
  1.000  12.000
 -2.000  -9.774
  3.000  -7.900
